---
keyframes:
  - name: move 0
    frames: 100
    joints: 
      HeadYaw: 0
      HeadPitch: 22.9183
      LHipYawPitch: 0
      LHipRoll: -0
      LHipPitch: -24.981
      LKneePitch: 50.0192
      LAnklePitch: -24.981
      LAnkleRoll: -0
      RHipYawPitch: 0
      RHipRoll: 0
      RHipPitch: -24.981
      RKneePitch: 50.0192
      RAnklePitch: -24.981
      RAnkleRoll: 0
      LShoulderPitch: -80.2141
      LShoulderRoll: 17.1887
      LElbowYaw: 0
      LElbowRoll: -2.86479
      RShoulderPitch: -80.2141
      RShoulderRoll: 17.1887
      RElbowYaw: -0
      RElbowRoll: -2.86479
  - name: move 1
    frames: 30
    joints: 
      HeadYaw: -4.43462
      HeadPitch: 21.4305
      LHipYawPitch: 0.977378
      LHipRoll: 21.74
      LHipPitch: -19.279
      LKneePitch: 32.5512
      LAnklePitch: -16.4803
      LAnkleRoll: -18.2552
      RHipYawPitch: -0.447263
      RHipRoll: -22.1415
      RHipPitch: -23.8704
      RKneePitch: 43.2292
      RAnklePitch: -21.4964
      RAnkleRoll: 18.7107
      LShoulderPitch: -75.115
      LShoulderRoll: 56.0045
      LElbowYaw: 1.17721
      LElbowRoll: -2.7709
      RShoulderPitch: -75.1205
      RShoulderRoll: 17.1887
      RElbowYaw: -4.52457
      RElbowRoll: -8.48459
  - name: move 2
    frames: 15
    joints: 
      HeadYaw: 4.15338
      HeadPitch: 4.25363
      LHipYawPitch: 20.6585
      LHipRoll: 16.7401
      LHipPitch: -22.1751
      LKneePitch: 32.7107
      LAnklePitch: -16.184
      LAnkleRoll: -17.0379
      RHipYawPitch: -9.17474
      RHipRoll: -23.2974
      RHipPitch: -38.1373
      RKneePitch: 46.4859
      RAnklePitch: 8.53717
      RAnkleRoll: 21.9065
      LShoulderPitch: -79.5816
      LShoulderRoll: 54.738
      LElbowYaw: 3.50514
      LElbowRoll: -2.84242
      RShoulderPitch: -79.5566
      RShoulderRoll: 20.9896
      RElbowYaw: -2.65837
      RElbowRoll: -7.92118
  - name: move 3
    frames: 15
    joints: 
      HeadYaw: -5.33238
      HeadPitch: 27.4446
      LHipYawPitch: 13.3292
      LHipRoll: 5.19084
      LHipPitch: -8.44011
      LKneePitch: 32.519
      LAnklePitch: -34.401
      LAnkleRoll: -1.64062
      RHipYawPitch: -9.74977
      RHipRoll: -14.8547
      RHipPitch: -32.0056
      RKneePitch: 48.0397
      RAnklePitch: -9.80845
      RAnkleRoll: 10.1375
      LShoulderPitch: -53.9369
      LShoulderRoll: 30.2423
      LElbowYaw: 0.640709
      LElbowRoll: -5.44106
      RShoulderPitch: -53.9062
      RShoulderRoll: 39.0846
      RElbowYaw: -5.23471
      RElbowRoll: -6.95102
  - name: move 4
    frames: 90
    joints: 
      HeadYaw: -5.33238
      HeadPitch: 27.4446
      LHipYawPitch: 13.3292
      LHipRoll: 5.19084
      LHipPitch: -8.44011
      LKneePitch: 32.519
      LAnklePitch: -34.401
      LAnkleRoll: -1.64062
      RHipYawPitch: -9.74977
      RHipRoll: -14.8547
      RHipPitch: -32.0056
      RKneePitch: 48.0397
      RAnklePitch: -9.80845
      RAnkleRoll: 10.1375
      LShoulderPitch: -53.9369
      LShoulderRoll: 30.2423
      LElbowYaw: 0.640709
      LElbowRoll: -5.44106
      RShoulderPitch: -53.9062
      RShoulderRoll: 39.0846
      RElbowYaw: -5.23471
      RElbowRoll: -6.95102
...
