---
keyframes:
  - name: move 0
    frames: 100
    joints: 
      HeadYaw: 0
      HeadPitch: 22.9183
      LHipYawPitch: 0
      LHipRoll: -0
      LHipPitch: -24.981
      LKneePitch: 50.0192
      LAnklePitch: -24.981
      LAnkleRoll: -0
      RHipYawPitch: 0
      RHipRoll: 0
      RHipPitch: -24.981
      RKneePitch: 50.0192
      RAnklePitch: -24.981
      RAnkleRoll: 0
      LShoulderPitch: -80.2141
      LShoulderRoll: 17.1887
      LElbowYaw: 0
      LElbowRoll: -2.86479
      RShoulderPitch: -80.2141
      RShoulderRoll: 17.1887
      RElbowYaw: -0
      RElbowRoll: -2.86479
  - name: move 1
    frames: 90
    joints: 
      HeadYaw: -3.40627
      HeadPitch: 22.8714
      LHipYawPitch: 0.102507
      LHipRoll: 18.9992
      LHipPitch: -20.9469
      LKneePitch: 38.9947
      LAnklePitch: -19.7748
      LAnkleRoll: -16.708
      RHipYawPitch: -0.102507
      RHipRoll: -19.2426
      RHipPitch: -24.1263
      RKneePitch: 45.0737
      RAnklePitch: -22.5278
      RAnkleRoll: 17.0098
      LShoulderPitch: -76.4131
      LShoulderRoll: 49.9569
      LElbowYaw: 1.27129
      LElbowRoll: -2.23364
      RShoulderPitch: -76.4153
      RShoulderRoll: 17.1887
      RElbowYaw: -5.3097
      RElbowRoll: -10.8352
  - name: move 2
    frames: 15
    joints: 
      HeadYaw: 8.81228
      HeadPitch: 3.17107
      LHipYawPitch: 6.9061
      LHipRoll: -2.75143
      LHipPitch: -22.7405
      LKneePitch: 53.6448
      LAnklePitch: -27.9134
      LAnkleRoll: -7.12129
      RHipYawPitch: -6.9061
      RHipRoll: 0.651622
      RHipPitch: -42.8115
      RKneePitch: 52.9533
      RAnklePitch: 2.59611
      RAnkleRoll: 8.81037
      LShoulderPitch: -79.9659
      LShoulderRoll: 27.3568
      LElbowYaw: 2.9821
      LElbowRoll: -4.26651
      RShoulderPitch: -79.9666
      RShoulderRoll: 44.0648
      RElbowYaw: -3.69472
      RElbowRoll: -8.93314
  - name: move 3
    frames: 12
    joints: 
      HeadYaw: -1.989
      HeadPitch: 23.3029
      LHipYawPitch: -5.73416
      LHipRoll: 0.267189
      LHipPitch: -20.9803
      LKneePitch: 61.3597
      LAnklePitch: -32.5828
      LAnkleRoll: -5.7234
      RHipYawPitch: 5.73416
      RHipRoll: -0.473673
      RHipPitch: -26.1087
      RKneePitch: 50.9811
      RAnklePitch: -25.1788
      RAnkleRoll: 5.64386
      LShoulderPitch: -59.1681
      LShoulderRoll: 31.5665
      LElbowYaw: 2.26881
      LElbowRoll: -2.88951
      RShoulderPitch: -59.1977
      RShoulderRoll: 43.9016
      RElbowYaw: -4.63585
      RElbowRoll: -9.15976
  - name: move 4
    frames: 150
    joints: 
      HeadYaw: -0.711596
      HeadPitch: 23.0253
      LHipYawPitch: -4.53051
      LHipRoll: -0.604203
      LHipPitch: -21.9581
      LKneePitch: 59.6633
      LAnklePitch: -31.3768
      LAnkleRoll: -3.18476
      RHipYawPitch: 4.53051
      RHipRoll: 0.420349
      RHipPitch: -26.506
      RKneePitch: 52.4031
      RAnklePitch: -25.9722
      RAnkleRoll: 3.18858
      LShoulderPitch: -59.7182
      LShoulderRoll: 25.4468
      LElbowYaw: 0.549163
      LElbowRoll: -4.56404
      RShoulderPitch: -59.7464
      RShoulderRoll: 50.4974
      RElbowYaw: -2.85713
      RElbowRoll: -7.29083
...
