---
keyframes:
  - name: move 0
    frames: 100
    joints: 
      HeadYaw: 0
      HeadPitch: 22.9183
      LHipYawPitch: 0
      LHipRoll: -0
      LHipPitch: -24.981
      LKneePitch: 50.0192
      LAnklePitch: -24.981
      LAnkleRoll: -0
      RHipYawPitch: 0
      RHipRoll: 0
      RHipPitch: -24.981
      RKneePitch: 50.0192
      RAnklePitch: -24.981
      RAnkleRoll: 0
      LShoulderPitch: -80.2141
      LShoulderRoll: 17.1887
      LElbowYaw: 0
      LElbowRoll: -2.86479
      RShoulderPitch: -80.2141
      RShoulderRoll: 17.1887
      RElbowYaw: -0
      RElbowRoll: -2.86479
  - name: move 1
    frames: 90
    joints: 
      HeadYaw: -3.40627
      HeadPitch: 22.8714
      LHipYawPitch: 0.102507
      LHipRoll: 18.9992
      LHipPitch: -20.9469
      LKneePitch: 38.9947
      LAnklePitch: -19.7748
      LAnkleRoll: -16.708
      RHipYawPitch: -0.102507
      RHipRoll: -19.2426
      RHipPitch: -24.1263
      RKneePitch: 45.0737
      RAnklePitch: -22.5278
      RAnkleRoll: 17.0098
      LShoulderPitch: -76.4131
      LShoulderRoll: 49.9569
      LElbowYaw: 1.27129
      LElbowRoll: -2.23364
      RShoulderPitch: -76.4153
      RShoulderRoll: 17.1887
      RElbowYaw: -5.3097
      RElbowRoll: -10.8352
  - name: move 2
    frames: 10
    joints: 
      HeadYaw: -2.55359
      HeadPitch: 26.9505
      LHipYawPitch: -0.0906013
      LHipRoll: 8.64964
      LHipPitch: -28.176
      LKneePitch: 47.1068
      LAnklePitch: -23.1381
      LAnkleRoll: -15.0841
      RHipYawPitch: 0.0906013
      RHipRoll: -9.1462
      RHipPitch: -20.2325
      RKneePitch: 48.8066
      RAnklePitch: -32.9175
      RAnkleRoll: 15.5831
      LShoulderPitch: -76.1403
      LShoulderRoll: 37.8554
      LElbowYaw: -0.11294
      LElbowRoll: -2.00052
      RShoulderPitch: -76.1377
      RShoulderRoll: 40.794
      RElbowYaw: -3.54231
      RElbowRoll: -8.95859
  - name: move 3
    frames: 12
    joints: 
      HeadYaw: 6.19986
      HeadPitch: 9.67385
      LHipYawPitch: 10.2237
      LHipRoll: -0.875346
      LHipPitch: -33.7292
      LKneePitch: 47.1947
      LAnklePitch: -21.6498
      LAnkleRoll: -12.3582
      RHipYawPitch: -10.2237
      RHipRoll: -1.61012
      RHipPitch: -32.7733
      RKneePitch: 50.5812
      RAnklePitch: -11.5993
      RAnkleRoll: 13.9252
      LShoulderPitch: -80.2141
      LShoulderRoll: 34.2743
      LElbowYaw: 2.17889
      LElbowRoll: -2.19099
      RShoulderPitch: -80.2141
      RShoulderRoll: 50.6892
      RElbowYaw: -1.25048
      RElbowRoll: -8.32473
  - name: move 4
    frames: 10
    joints: 
      HeadYaw: 4.21817
      HeadPitch: 15.6085
      LHipYawPitch: 2.73135
      LHipRoll: 0.695832
      LHipPitch: -37.019
      LKneePitch: 54.13
      LAnklePitch: -25.0261
      LAnkleRoll: -5.52226
      RHipYawPitch: -2.73135
      RHipRoll: -0.638183
      RHipPitch: -26.5672
      RKneePitch: 43.2363
      RAnklePitch: -20.7219
      RAnkleRoll: 5.39952
      LShoulderPitch: -74.3072
      LShoulderRoll: 36.1703
      LElbowYaw: 0.976198
      LElbowRoll: -2
      RShoulderPitch: -74.3255
      RShoulderRoll: 51.2448
      RElbowYaw: -2.57592
      RElbowRoll: -8.54354
  - name: move 5
    frames: 150
    joints: 
      HeadYaw: 4.21817
      HeadPitch: 15.6085
      LHipYawPitch: 2.73135
      LHipRoll: 0.695832
      LHipPitch: -37.019
      LKneePitch: 54.13
      LAnklePitch: -25.0261
      LAnkleRoll: -5.52226
      RHipYawPitch: -2.73135
      RHipRoll: -0.638183
      RHipPitch: -26.5672
      RKneePitch: 43.2363
      RAnklePitch: -20.7219
      RAnkleRoll: 5.39952
      LShoulderPitch: -74.3072
      LShoulderRoll: 36.1703
      LElbowYaw: 0.976198
      LElbowRoll: -2
      RShoulderPitch: -74.3255
      RShoulderRoll: 51.2448
      RElbowYaw: -2.57592
      RElbowRoll: -8.54354
...
