---
keyframes:
  - name: move 0
    frames: 100
    joints: 
      HeadYaw: 0
      HeadPitch: 22.9183
      LHipYawPitch: 0
      LHipRoll: -0
      LHipPitch: -24.981
      LKneePitch: 50.0192
      LAnklePitch: -24.981
      LAnkleRoll: -0
      RHipYawPitch: 0
      RHipRoll: 0
      RHipPitch: -24.981
      RKneePitch: 50.0192
      RAnklePitch: -24.981
      RAnkleRoll: 0
      LShoulderPitch: -80.2141
      LShoulderRoll: 17.1887
      LElbowYaw: 0
      LElbowRoll: -2.86479
      RShoulderPitch: -80.2141
      RShoulderRoll: 17.1887
      RElbowYaw: -0
      RElbowRoll: -2.86479
  - name: move 1
    frames: 90
    joints: 
      HeadYaw: -3.48797
      HeadPitch: 22.8665
      LHipYawPitch: 0.260453
      LHipRoll: 19.0399
      LHipPitch: -20.9815
      LKneePitch: 38.9092
      LAnklePitch: -19.7255
      LAnkleRoll: -16.7142
      RHipYawPitch: -0.140349
      RHipRoll: -19.2922
      RHipPitch: -24.0257
      RKneePitch: 45.0851
      RAnklePitch: -22.5638
      RAnkleRoll: 17.0237
      LShoulderPitch: -76.3664
      LShoulderRoll: 50.0156
      LElbowYaw: 1.29218
      LElbowRoll: -2.23949
      RShoulderPitch: -76.3692
      RShoulderRoll: 17.1887
      RElbowYaw: -5.33153
      RElbowRoll: -10.8351
  - name: move 2
    frames: 15
    joints: 
      HeadYaw: 1.73335
      HeadPitch: 11.8284
      LHipYawPitch: 12.277
      LHipRoll: 12.5619
      LHipPitch: -19.1094
      LKneePitch: 43.7055
      LAnklePitch: -22.8475
      LAnkleRoll: -15.3078
      RHipYawPitch: -8.99747
      RHipRoll: -15.4778
      RHipPitch: -34.0507
      RKneePitch: 49.7886
      RAnklePitch: -4.3192
      RAnkleRoll: 17.1264
      LShoulderPitch: -80.2141
      LShoulderRoll: 44.1621
      LElbowYaw: 4.14764
      LElbowRoll: -2.21439
      RShoulderPitch: -80.2141
      RShoulderRoll: 26.1234
      RElbowYaw: -2.46676
      RElbowRoll: -9.7495
  - name: move 3
    frames: 15
    joints: 
      HeadYaw: -5.06107
      HeadPitch: 34.4016
      LHipYawPitch: 9.12912
      LHipRoll: 0.204406
      LHipPitch: -6.33103
      LKneePitch: 39.3186
      LAnklePitch: -39.0907
      LAnkleRoll: -0.648776
      RHipYawPitch: -8.96732
      RHipRoll: -1.25705
      RHipPitch: -28.1472
      RKneePitch: 52.8885
      RAnklePitch: -18.0598
      RAnkleRoll: 1.03835
      LShoulderPitch: -56.1727
      LShoulderRoll: 17.1887
      LElbowYaw: 1.28286
      LElbowRoll: -5.03597
      RShoulderPitch: -56.1811
      RShoulderRoll: 48.081
      RElbowYaw: -5.33155
      RElbowRoll: -7.86006
  - name: move 4
    frames: 90
    joints: 
      HeadYaw: -5.06107
      HeadPitch: 34.4016
      LHipYawPitch: 9.12912
      LHipRoll: 0.204406
      LHipPitch: -6.33103
      LKneePitch: 39.3186
      LAnklePitch: -39.0907
      LAnkleRoll: -0.648776
      RHipYawPitch: -8.96732
      RHipRoll: -1.25705
      RHipPitch: -28.1472
      RKneePitch: 52.8885
      RAnklePitch: -18.0598
      RAnkleRoll: 1.03835
      LShoulderPitch: -56.1727
      LShoulderRoll: 17.1887
      LElbowYaw: 1.28286
      LElbowRoll: -5.03597
      RShoulderPitch: -56.1811
      RShoulderRoll: 48.081
      RElbowYaw: -5.33155
      RElbowRoll: -7.86006
...
