---
keyframes:
  - name: move 0
    frames: 100
    joints: 
      HeadYaw: 0
      HeadPitch: 22.9183
      LHipYawPitch: 0
      LHipRoll: -0
      LHipPitch: -24.981
      LKneePitch: 50.0192
      LAnklePitch: -24.981
      LAnkleRoll: -0
      RHipYawPitch: 0
      RHipRoll: 0
      RHipPitch: -24.981
      RKneePitch: 50.0192
      RAnklePitch: -24.981
      RAnkleRoll: 0
      LShoulderPitch: -80.2141
      LShoulderRoll: 17.1887
      LElbowYaw: 0
      LElbowRoll: -2.86479
      RShoulderPitch: -80.2141
      RShoulderRoll: 17.1887
      RElbowYaw: -0
      RElbowRoll: -2.86479
  - name: move 1
    frames: 90
    joints: 
      HeadYaw: -3.40627
      HeadPitch: 22.8714
      LHipYawPitch: 0.102507
      LHipRoll: 18.9992
      LHipPitch: -20.9469
      LKneePitch: 38.9947
      LAnklePitch: -19.7748
      LAnkleRoll: -16.708
      RHipYawPitch: -0.102507
      RHipRoll: -19.2426
      RHipPitch: -24.1263
      RKneePitch: 45.0737
      RAnklePitch: -22.5278
      RAnkleRoll: 17.0098
      LShoulderPitch: -76.4131
      LShoulderRoll: 49.9569
      LElbowYaw: 1.27129
      LElbowRoll: -2.23364
      RShoulderPitch: -76.4153
      RShoulderRoll: 17.1887
      RElbowYaw: -5.3097
      RElbowRoll: -10.8352
  - name: move 2
    frames: 10
    joints: 
      HeadYaw: -0.671918
      HeadPitch: 28.6899
      LHipYawPitch: -1.16701
      LHipRoll: -10.8273
      LHipPitch: -30.6282
      LKneePitch: 57.036
      LAnklePitch: -30.873
      LAnkleRoll: -9.8667
      RHipYawPitch: 1.16701
      RHipRoll: 8.47201
      RHipPitch: -22.081
      RKneePitch: 56.1272
      RAnklePitch: -40.146
      RAnkleRoll: 12.2182
      LShoulderPitch: -78.6481
      LShoulderRoll: 27.0996
      LElbowYaw: 0.0372631
      LElbowRoll: -2.76332
      RShoulderPitch: -78.6433
      RShoulderRoll: 40.9222
      RElbowYaw: -3.49865
      RElbowRoll: -9.00097
  - name: move 3
    frames: 18
    joints: 
      HeadYaw: 15.7156
      HeadPitch: -6.67456
      LHipYawPitch: -0.309778
      LHipRoll: -12.8663
      LHipPitch: -36.9467
      LKneePitch: 61.4525
      LAnklePitch: -28.9302
      LAnkleRoll: -4.42134
      RHipYawPitch: 0.309778
      RHipRoll: 11.0246
      RHipPitch: -56.7426
      RKneePitch: 49.6543
      RAnklePitch: 2.24438
      RAnkleRoll: 6.26772
      LShoulderPitch: -79.7561
      LShoulderRoll: 26.3207
      LElbowYaw: 1.99595
      LElbowRoll: -2.11525
      RShoulderPitch: -79.7583
      RShoulderRoll: 48.6606
      RElbowYaw: -3.62772
      RElbowRoll: -7.97189
  - name: move 4
    frames: 12
    joints: 
      HeadYaw: 9.78562
      HeadPitch: 9.85112
      LHipYawPitch: -0.645736
      LHipRoll: -3.08635
      LHipPitch: -43.8912
      LKneePitch: 65.6334
      LAnklePitch: -29.5514
      LAnkleRoll: -4.74223
      RHipYawPitch: 0.645736
      RHipRoll: 3.14284
      RHipPitch: -36.421
      RKneePitch: 49.5657
      RAnklePitch: -21.869
      RAnkleRoll: 4.68154
      LShoulderPitch: -63.3716
      LShoulderRoll: 30.4574
      LElbowYaw: 0.261327
      LElbowRoll: -2
      RShoulderPitch: -63.4368
      RShoulderRoll: 48.021
      RElbowYaw: -4.52613
      RElbowRoll: -7.71832
  - name: move 5
    frames: 150
    joints: 
      HeadYaw: 9.52707
      HeadPitch: 9.16585
      LHipYawPitch: -0.639959
      LHipRoll: -5.8625
      LHipPitch: -43.6085
      LKneePitch: 65.1712
      LAnklePitch: -29.2903
      LAnkleRoll: -1.65256
      RHipYawPitch: 0.639959
      RHipRoll: 5.51475
      RHipPitch: -36.3267
      RKneePitch: 49.8384
      RAnklePitch: -22.1556
      RAnkleRoll: 1.949
      LShoulderPitch: -63.1261
      LShoulderRoll: 25.8649
      LElbowYaw: -0.766266
      LElbowRoll: -3.60699
      RShoulderPitch: -63.1916
      RShoulderRoll: 52.6594
      RElbowYaw: -4.00763
      RElbowRoll: -5.84162
...
