---
keyframes:
  - name: move 0
    frames: 100
    joints: 
      HeadYaw: 0
      HeadPitch: 22.9183
      LHipYawPitch: 0
      LHipRoll: -0
      LHipPitch: -24.981
      LKneePitch: 50.0192
      LAnklePitch: -24.981
      LAnkleRoll: -0
      RHipYawPitch: 0
      RHipRoll: 0
      RHipPitch: -24.981
      RKneePitch: 50.0192
      RAnklePitch: -24.981
      RAnkleRoll: 0
      LShoulderPitch: -80.2141
      LShoulderRoll: 17.1887
      LElbowYaw: 0
      LElbowRoll: -2.86479
      RShoulderPitch: -80.2141
      RShoulderRoll: 17.1887
      RElbowYaw: -0
      RElbowRoll: -2.86479
  - name: move 1
    frames: 90
    joints: 
      HeadYaw: -3.40627
      HeadPitch: 22.8714
      LHipYawPitch: 0.102507
      LHipRoll: 18.9992
      LHipPitch: -20.9469
      LKneePitch: 38.9947
      LAnklePitch: -19.7748
      LAnkleRoll: -16.708
      RHipYawPitch: -0.102507
      RHipRoll: -19.2426
      RHipPitch: -24.1263
      RKneePitch: 45.0737
      RAnklePitch: -22.5278
      RAnkleRoll: 17.0098
      LShoulderPitch: -76.4131
      LShoulderRoll: 49.9569
      LElbowYaw: 1.27129
      LElbowRoll: -2.23364
      RShoulderPitch: -76.4153
      RShoulderRoll: 17.1887
      RElbowYaw: -5.3097
      RElbowRoll: -10.8352
  - name: move 2
    frames: 20
    joints: 
      HeadYaw: 9.37474
      HeadPitch: 1.66749
      LHipYawPitch: 3.43497
      LHipRoll: -0.619693
      LHipPitch: -23.6232
      LKneePitch: 54.1299
      LAnklePitch: -30.6005
      LAnkleRoll: -7.89337
      RHipYawPitch: -3.43497
      RHipRoll: -0.666897
      RHipPitch: -46.354
      RKneePitch: 48.4525
      RAnklePitch: 2.71272
      RAnkleRoll: 9.05631
      LShoulderPitch: -80.2141
      LShoulderRoll: 27.7405
      LElbowYaw: 4.70409
      LElbowRoll: -3.45912
      RShoulderPitch: -80.2141
      RShoulderRoll: 50.3909
      RElbowYaw: -1.48998
      RElbowRoll: -8.07906
  - name: move 3
    frames: 10
    joints: 
      HeadYaw: 0.528972
      HeadPitch: 20.522
      LHipYawPitch: -8.14704
      LHipRoll: -5.52004e-06
      LHipPitch: -21.7706
      LKneePitch: 56.8308
      LAnklePitch: -32.2372
      LAnkleRoll: -5.74723
      RHipYawPitch: 8.14704
      RHipRoll: -0.57678
      RHipPitch: -30.1234
      RKneePitch: 44.164
      RAnklePitch: -22.7204
      RAnkleRoll: 5.74496
      LShoulderPitch: -60.7358
      LShoulderRoll: 29.5312
      LElbowYaw: 3.85942
      LElbowRoll: -3.63186
      RShoulderPitch: -60.7651
      RShoulderRoll: 49.1798
      RElbowYaw: -2.73089
      RElbowRoll: -8.00829
  - name: move 4
    frames: 150
    joints: 
      HeadYaw: 0.528972
      HeadPitch: 20.522
      LHipYawPitch: -8.14704
      LHipRoll: -5.52004e-06
      LHipPitch: -21.7706
      LKneePitch: 56.8308
      LAnklePitch: -32.2372
      LAnkleRoll: -5.74723
      RHipYawPitch: 8.14704
      RHipRoll: -0.57678
      RHipPitch: -30.1234
      RKneePitch: 44.164
      RAnklePitch: -22.7204
      RAnkleRoll: 5.74496
      LShoulderPitch: -60.7358
      LShoulderRoll: 29.5312
      LElbowYaw: 3.85942
      LElbowRoll: -3.63186
      RShoulderPitch: -60.7651
      RShoulderRoll: 49.1798
      RElbowYaw: -2.73089
      RElbowRoll: -8.00829
...
