---
keyframes:
  - name: move 0
    frames: 100
    joints: 
      HeadYaw: 0
      HeadPitch: 22.9183
      LHipYawPitch: 0
      LHipRoll: -0
      LHipPitch: -24.981
      LKneePitch: 50.0192
      LAnklePitch: -24.981
      LAnkleRoll: -0
      RHipYawPitch: 0
      RHipRoll: 0
      RHipPitch: -24.981
      RKneePitch: 50.0192
      RAnklePitch: -24.981
      RAnkleRoll: 0
      LShoulderPitch: -80.2141
      LShoulderRoll: 17.1887
      LElbowYaw: 0
      LElbowRoll: -2.86479
      RShoulderPitch: -80.2141
      RShoulderRoll: 17.1887
      RElbowYaw: -0
      RElbowRoll: -2.86479
  - name: move 1
    frames: 90
    joints: 
      HeadYaw: -3.40627
      HeadPitch: 22.8714
      LHipYawPitch: 0.102507
      LHipRoll: 18.9992
      LHipPitch: -20.9469
      LKneePitch: 38.9947
      LAnklePitch: -19.7748
      LAnkleRoll: -16.708
      RHipYawPitch: -0.102507
      RHipRoll: -19.2426
      RHipPitch: -24.1263
      RKneePitch: 45.0737
      RAnklePitch: -22.5278
      RAnkleRoll: 17.0098
      LShoulderPitch: -76.4131
      LShoulderRoll: 49.9569
      LElbowYaw: 1.27129
      LElbowRoll: -2.23364
      RShoulderPitch: -76.4153
      RShoulderRoll: 17.1887
      RElbowYaw: -5.3097
      RElbowRoll: -10.8352
  - name: move 2
    frames: 9
    joints: 
      HeadYaw: 4.75496
      HeadPitch: 18.329
      LHipYawPitch: 0.214774
      LHipRoll: -11.0811
      LHipPitch: -30.5158
      LKneePitch: 60.9791
      LAnklePitch: -30.7954
      LAnkleRoll: -9.79135
      RHipYawPitch: -0.214774
      RHipRoll: 8.61062
      RHipPitch: -31.7572
      RKneePitch: 64.2322
      RAnklePitch: -32.501
      RAnkleRoll: 12.2457
      LShoulderPitch: -80.1906
      LShoulderRoll: 28.471
      LElbowYaw: 1.42707
      LElbowRoll: -2.78929
      RShoulderPitch: -80.1911
      RShoulderRoll: 38.6747
      RElbowYaw: -3.59083
      RElbowRoll: -9.11635
  - name: move 3
    frames: 15
    joints: 
      HeadYaw: 11.6406
      HeadPitch: 0.56261
      LHipYawPitch: 0.332194
      LHipRoll: -15.7553
      LHipPitch: -24.4274
      LKneePitch: 66.8902
      LAnklePitch: -41.1198
      LAnkleRoll: -3.78366
      RHipYawPitch: -0.332194
      RHipRoll: 13.56
      RHipPitch: -51.5974
      RKneePitch: 61.327
      RAnklePitch: -7.92035
      RAnkleRoll: 5.97855
      LShoulderPitch: -79.9456
      LShoulderRoll: 20.2881
      LElbowYaw: 2.50684
      LElbowRoll: -4.05335
      RShoulderPitch: -79.947
      RShoulderRoll: 55.4024
      RElbowYaw: -4.53375
      RElbowRoll: -6.25156
  - name: move 4
    frames: 15
    joints: 
      HeadYaw: 13.1199
      HeadPitch: -0.794343
      LHipYawPitch: -0.800978
      LHipRoll: -1.78078
      LHipPitch: -31.1692
      LKneePitch: 71.1834
      LAnklePitch: -44.9665
      LAnkleRoll: -5.17828
      RHipYawPitch: 0.800978
      RHipRoll: 1.97385
      RHipPitch: -48.4501
      RKneePitch: 53.8202
      RAnklePitch: -11.4389
      RAnkleRoll: 4.99826
      LShoulderPitch: -80.2141
      LShoulderRoll: 32.4265
      LElbowYaw: 4.65699
      LElbowRoll: -2
      RShoulderPitch: -80.2141
      RShoulderRoll: 42.758
      RElbowYaw: -1.94038
      RElbowRoll: -8.92773
  - name: move 5
    frames: 90
    joints: 
      HeadYaw: 4.79563
      HeadPitch: 15.9654
      LHipYawPitch: -0.587096
      LHipRoll: -7.95028
      LHipPitch: -19.333
      LKneePitch: 56.7699
      LAnklePitch: -47.5758
      LAnkleRoll: 1.62945
      RHipYawPitch: 0.587096
      RHipRoll: 7.62625
      RHipPitch: -43.659
      RKneePitch: 55.5564
      RAnklePitch: -22.9173
      RAnkleRoll: -1.25702
      LShoulderPitch: -58.6031
      LShoulderRoll: 17.1887
      LElbowYaw: -1.72626
      LElbowRoll: -8.247
      RShoulderPitch: -58.6442
      RShoulderRoll: 48.111
      RElbowYaw: -8.74576
      RElbowRoll: -9.80491
...
