---
keyframes:
  - name: move 0
    frames: 100
    joints: 
      HeadYaw: 0
      HeadPitch: 22.9183
      LHipYawPitch: 0
      LHipRoll: -0
      LHipPitch: -24.981
      LKneePitch: 50.0192
      LAnklePitch: -24.981
      LAnkleRoll: -0
      RHipYawPitch: 0
      RHipRoll: 0
      RHipPitch: -24.981
      RKneePitch: 50.0192
      RAnklePitch: -24.981
      RAnkleRoll: 0
      LShoulderPitch: -80.2141
      LShoulderRoll: 17.1887
      LElbowYaw: 0
      LElbowRoll: -2.86479
      RShoulderPitch: -80.2141
      RShoulderRoll: 17.1887
      RElbowYaw: -0
      RElbowRoll: -2.86479
  - name: move 1
    frames: 90
    joints: 
      HeadYaw: -3.40627
      HeadPitch: 22.8714
      LHipYawPitch: 0.102507
      LHipRoll: 18.9992
      LHipPitch: -20.9469
      LKneePitch: 38.9947
      LAnklePitch: -19.7748
      LAnkleRoll: -16.708
      RHipYawPitch: -0.102507
      RHipRoll: -19.2426
      RHipPitch: -24.1263
      RKneePitch: 45.0737
      RAnklePitch: -22.5278
      RAnkleRoll: 17.0098
      LShoulderPitch: -76.4131
      LShoulderRoll: 49.9569
      LElbowYaw: 1.27129
      LElbowRoll: -2.23364
      RShoulderPitch: -76.4153
      RShoulderRoll: 17.1887
      RElbowYaw: -5.3097
      RElbowRoll: -10.8352
  - name: move 2
    frames: 12
    joints: 
      HeadYaw: 1.86393
      HeadPitch: 22.3228
      LHipYawPitch: 0.397507
      LHipRoll: -13.93
      LHipPitch: -27.2176
      LKneePitch: 58.4271
      LAnklePitch: -30.1374
      LAnkleRoll: -9.03175
      RHipYawPitch: -0.397507
      RHipRoll: 11.281
      RHipPitch: -26.3957
      RKneePitch: 57.8768
      RAnklePitch: -29.8496
      RAnkleRoll: 11.6538
      LShoulderPitch: -80.2078
      LShoulderRoll: 23.0882
      LElbowYaw: 1.03998
      LElbowRoll: -2.87871
      RShoulderPitch: -80.208
      RShoulderRoll: 45.8366
      RElbowYaw: -3.01791
      RElbowRoll: -8.54339
  - name: move 3
    frames: 12
    joints: 
      HeadYaw: 11.6409
      HeadPitch: 0.770262
      LHipYawPitch: 0.367418
      LHipRoll: -15.2625
      LHipPitch: -26.2562
      LKneePitch: 63.9836
      LAnklePitch: -36.101
      LAnkleRoll: -3.94365
      RHipYawPitch: -0.367418
      RHipRoll: 13.1587
      RHipPitch: -49.5
      RKneePitch: 52.7013
      RAnklePitch: -1.06017
      RAnkleRoll: 6.04647
      LShoulderPitch: -79.8414
      LShoulderRoll: 18.3792
      LElbowYaw: 1.93013
      LElbowRoll: -3.43921
      RShoulderPitch: -79.8433
      RShoulderRoll: 57.4076
      RElbowYaw: -4.08427
      RElbowRoll: -6.63778
  - name: move 4
    frames: 12
    joints: 
      HeadYaw: 11.1994
      HeadPitch: 3.40356
      LHipYawPitch: -1.15885
      LHipRoll: -1.69402
      LHipPitch: -33.6771
      LKneePitch: 66.9727
      LAnklePitch: -36.216
      LAnkleRoll: -5.20653
      RHipYawPitch: 1.15885
      RHipRoll: 1.80124
      RHipPitch: -41.5636
      RKneePitch: 47.4297
      RAnklePitch: -10.4257
      RAnkleRoll: 5.08889
      LShoulderPitch: -79.535
      LShoulderRoll: 28.8908
      LElbowYaw: 2.6214
      LElbowRoll: -2
      RShoulderPitch: -79.5379
      RShoulderRoll: 45.0386
      RElbowYaw: -4.82063
      RElbowRoll: -8.7532
  - name: move 5
    frames: 150
    joints: 
      HeadYaw: 11.1994
      HeadPitch: 3.40356
      LHipYawPitch: -1.15885
      LHipRoll: -1.69402
      LHipPitch: -33.6771
      LKneePitch: 66.9727
      LAnklePitch: -36.216
      LAnkleRoll: -5.20653
      RHipYawPitch: 1.15885
      RHipRoll: 1.80124
      RHipPitch: -41.5636
      RKneePitch: 47.4297
      RAnklePitch: -10.4257
      RAnkleRoll: 5.08889
      LShoulderPitch: -79.535
      LShoulderRoll: 28.8908
      LElbowYaw: 2.6214
      LElbowRoll: -2
      RShoulderPitch: -79.5379
      RShoulderRoll: 45.0386
      RElbowYaw: -4.82063
      RElbowRoll: -8.7532
...
