---
keyframes:
  - name: move 0
    frames: 100
    joints: 
      HeadYaw: 0
      HeadPitch: 22.9183
      LHipYawPitch: 0
      LHipRoll: -0
      LHipPitch: -24.981
      LKneePitch: 50.0192
      LAnklePitch: -24.981
      LAnkleRoll: -0
      RHipYawPitch: 0
      RHipRoll: 0
      RHipPitch: -24.981
      RKneePitch: 50.0192
      RAnklePitch: -24.981
      RAnkleRoll: 0
      LShoulderPitch: -80.2141
      LShoulderRoll: 17.1887
      LElbowYaw: 0
      LElbowRoll: -2.86479
      RShoulderPitch: -80.2141
      RShoulderRoll: 17.1887
      RElbowYaw: -0
      RElbowRoll: -2.86479
  - name: move 1
    frames: 90
    joints: 
      HeadYaw: -3.48797
      HeadPitch: 22.8665
      LHipYawPitch: 0.260453
      LHipRoll: 19.0399
      LHipPitch: -20.9815
      LKneePitch: 38.9092
      LAnklePitch: -19.7255
      LAnkleRoll: -16.7142
      RHipYawPitch: -0.140349
      RHipRoll: -19.2922
      RHipPitch: -24.0257
      RKneePitch: 45.0851
      RAnklePitch: -22.5638
      RAnkleRoll: 17.0237
      LShoulderPitch: -76.3664
      LShoulderRoll: 50.0156
      LElbowYaw: 1.29218
      LElbowRoll: -2.23949
      RShoulderPitch: -76.3692
      RShoulderRoll: 17.1887
      RElbowYaw: -5.33153
      RElbowRoll: -10.8351
  - name: move 2
    frames: 9
    joints: 
      HeadYaw: 3.25634
      HeadPitch: 22.7195
      LHipYawPitch: -0.0549907
      LHipRoll: -11.0404
      LHipPitch: -27.9455
      LKneePitch: 60.7314
      LAnklePitch: -31.2845
      LAnkleRoll: -9.95011
      RHipYawPitch: -1.90853
      RHipRoll: 8.23687
      RHipPitch: -28.0766
      RKneePitch: 63.4969
      RAnklePitch: -38.0226
      RAnkleRoll: 12.7197
      LShoulderPitch: -79.9818
      LShoulderRoll: 28.5296
      LElbowYaw: 0.703052
      LElbowRoll: -2.81153
      RShoulderPitch: -79.9878
      RShoulderRoll: 38.6747
      RElbowYaw: -3.61266
      RElbowRoll: -9.11627
  - name: move 3
    frames: 15
    joints: 
      HeadYaw: 20.6946
      HeadPitch: -10.2558
      LHipYawPitch: 25.7147
      LHipRoll: 5.73829
      LHipPitch: -48.433
      LKneePitch: 36.773
      LAnklePitch: -13.0158
      LAnkleRoll: -13.3953
      RHipYawPitch: -20.9847
      RHipRoll: -13.4727
      RHipPitch: -47.39
      RKneePitch: 50.5766
      RAnklePitch: -0.690898
      RAnkleRoll: 16.5783
      LShoulderPitch: -80.2141
      LShoulderRoll: 50.7788
      LElbowYaw: 3.56784
      LElbowRoll: -2
      RShoulderPitch: -80.2141
      RShoulderRoll: 17.1887
      RElbowYaw: -0.747866
      RElbowRoll: -11.9811
  - name: move 4
    frames: 15
    joints: 
      HeadYaw: 29.7247
      HeadPitch: -10.3453
      LHipYawPitch: 38.2436
      LHipRoll: 12.7931
      LHipPitch: -62.1573
      LKneePitch: 28.1207
      LAnklePitch: -14.95
      LAnkleRoll: -10.4872
      RHipYawPitch: -21.5936
      RHipRoll: -23.0424
      RHipPitch: -49.2897
      RKneePitch: 40.452
      RAnklePitch: 2.87467
      RAnkleRoll: 13.3293
      LShoulderPitch: -80.2141
      LShoulderRoll: 62.8168
      LElbowYaw: 4.56565
      LElbowRoll: -2
      RShoulderPitch: -80.2141
      RShoulderRoll: 17.1887
      RElbowYaw: 0.285394
      RElbowRoll: -12.8013
  - name: move 5
    frames: 90
    joints: 
      HeadYaw: 10.0708
      HeadPitch: -12.9403
      LHipYawPitch: 19.8724
      LHipRoll: 1.82969
      LHipPitch: -32.7577
      LKneePitch: 20.7373
      LAnklePitch: -22.8088
      LAnkleRoll: -0.573654
      RHipYawPitch: -17.911
      RHipRoll: -5.87356
      RHipPitch: -44.0186
      RKneePitch: 47.5241
      RAnklePitch: -11.7931
      RAnkleRoll: 1.56783
      LShoulderPitch: -63.3134
      LShoulderRoll: 17.1887
      LElbowYaw: -3.30775
      LElbowRoll: -10.4971
      RShoulderPitch: -63.0226
      RShoulderRoll: 22.0354
      RElbowYaw: -8.15999
      RElbowRoll: -18.0142
...
