---
keyframes:
  - name: move 0
    frames: 100
    joints: 
      HeadYaw: 0
      HeadPitch: 22.9183
      LHipYawPitch: 0
      LHipRoll: -0
      LHipPitch: -24.981
      LKneePitch: 50.0192
      LAnklePitch: -24.981
      LAnkleRoll: -0
      RHipYawPitch: 0
      RHipRoll: 0
      RHipPitch: -24.981
      RKneePitch: 50.0192
      RAnklePitch: -24.981
      RAnkleRoll: 0
      LShoulderPitch: -80.2141
      LShoulderRoll: 17.1887
      LElbowYaw: 0
      LElbowRoll: -2.86479
      RShoulderPitch: -80.2141
      RShoulderRoll: 17.1887
      RElbowYaw: -0
      RElbowRoll: -2.86479
  - name: move 1
    frames: 90
    joints: 
      HeadYaw: -3.40627
      HeadPitch: 22.8714
      LHipYawPitch: 0.102507
      LHipRoll: 18.9992
      LHipPitch: -20.9469
      LKneePitch: 38.9947
      LAnklePitch: -19.7748
      LAnkleRoll: -16.708
      RHipYawPitch: -0.102507
      RHipRoll: -19.2426
      RHipPitch: -24.1263
      RKneePitch: 45.0737
      RAnklePitch: -22.5278
      RAnkleRoll: 17.0098
      LShoulderPitch: -76.4131
      LShoulderRoll: 49.9569
      LElbowYaw: 1.27129
      LElbowRoll: -2.23364
      RShoulderPitch: -76.4153
      RShoulderRoll: 17.1887
      RElbowYaw: -5.3097
      RElbowRoll: -10.8352
  - name: move 2
    frames: 12
    joints: 
      HeadYaw: 1.86393
      HeadPitch: 22.3228
      LHipYawPitch: 0.397507
      LHipRoll: -13.93
      LHipPitch: -27.2176
      LKneePitch: 58.4271
      LAnklePitch: -30.1374
      LAnkleRoll: -9.03175
      RHipYawPitch: -0.397507
      RHipRoll: 11.281
      RHipPitch: -26.3957
      RKneePitch: 57.8768
      RAnklePitch: -29.8496
      RAnkleRoll: 11.6538
      LShoulderPitch: -80.2078
      LShoulderRoll: 23.0882
      LElbowYaw: 1.03998
      LElbowRoll: -2.87871
      RShoulderPitch: -80.208
      RShoulderRoll: 45.8366
      RElbowYaw: -3.01791
      RElbowRoll: -8.54339
  - name: move 3
    frames: 12
    joints: 
      HeadYaw: 11.6409
      HeadPitch: 0.770262
      LHipYawPitch: 0.367418
      LHipRoll: -15.2625
      LHipPitch: -26.2562
      LKneePitch: 63.9836
      LAnklePitch: -36.101
      LAnkleRoll: -3.94365
      RHipYawPitch: -0.367418
      RHipRoll: 13.1587
      RHipPitch: -49.5
      RKneePitch: 52.7013
      RAnklePitch: -1.06017
      RAnkleRoll: 6.04647
      LShoulderPitch: -79.8414
      LShoulderRoll: 18.3792
      LElbowYaw: 1.93013
      LElbowRoll: -3.43921
      RShoulderPitch: -79.8433
      RShoulderRoll: 57.4076
      RElbowYaw: -4.08427
      RElbowRoll: -6.63778
  - name: move 4
    frames: 12
    joints: 
      HeadYaw: 14.4067
      HeadPitch: -3.04274
      LHipYawPitch: 0.256845
      LHipRoll: 0.15473
      LHipPitch: -34.6201
      LKneePitch: 67.7719
      LAnklePitch: -39.2044
      LAnkleRoll: -5.59102
      RHipYawPitch: -0.256845
      RHipRoll: 0.247828
      RHipPitch: -47.7159
      RKneePitch: 44.8778
      RAnklePitch: -2.79215
      RAnkleRoll: 5.24668
      LShoulderPitch: -80.2141
      LShoulderRoll: 31.9649
      LElbowYaw: 4.02849
      LElbowRoll: -2
      RShoulderPitch: -80.2141
      RShoulderRoll: 43.1675
      RElbowYaw: -2.00125
      RElbowRoll: -8.75758
  - name: move 5
    frames: 90
    joints: 
      HeadYaw: 9.71915
      HeadPitch: 4.23369
      LHipYawPitch: -0.539758
      LHipRoll: -6.88283
      LHipPitch: -27.3799
      LKneePitch: 62.2256
      LAnklePitch: -41.7186
      LAnkleRoll: 1.01252
      RHipYawPitch: 0.539758
      RHipRoll: 6.53124
      RHipPitch: -45.6288
      RKneePitch: 46.4717
      RAnklePitch: -8.52985
      RAnkleRoll: -0.66837
      LShoulderPitch: -69.0999
      LShoulderRoll: 18.675
      LElbowYaw: 0.403001
      LElbowRoll: -5.66893
      RShoulderPitch: -69.1173
      RShoulderRoll: 52.335
      RElbowYaw: -5.74018
      RElbowRoll: -6.20408
...
