---
keyframes:
  - name: move 0
    frames: 100
    joints: 
      HeadYaw: 0
      HeadPitch: 22.9183
      LHipYawPitch: 0
      LHipRoll: -0
      LHipPitch: -24.981
      LKneePitch: 50.0192
      LAnklePitch: -24.981
      LAnkleRoll: -0
      RHipYawPitch: 0
      RHipRoll: 0
      RHipPitch: -24.981
      RKneePitch: 50.0192
      RAnklePitch: -24.981
      RAnkleRoll: 0
      LShoulderPitch: -80.2141
      LShoulderRoll: 17.1887
      LElbowYaw: 0
      LElbowRoll: -2.86479
      RShoulderPitch: -80.2141
      RShoulderRoll: 17.1887
      RElbowYaw: -0
      RElbowRoll: -2.86479
  - name: move 1
    frames: 90
    joints: 
      HeadYaw: -3.40627
      HeadPitch: 22.8714
      LHipYawPitch: 0.102507
      LHipRoll: 18.9992
      LHipPitch: -20.9469
      LKneePitch: 38.9947
      LAnklePitch: -19.7748
      LAnkleRoll: -16.708
      RHipYawPitch: -0.102507
      RHipRoll: -19.2426
      RHipPitch: -24.1263
      RKneePitch: 45.0737
      RAnklePitch: -22.5278
      RAnkleRoll: 17.0098
      LShoulderPitch: -76.4131
      LShoulderRoll: 49.9569
      LElbowYaw: 1.27129
      LElbowRoll: -2.23364
      RShoulderPitch: -76.4153
      RShoulderRoll: 17.1887
      RElbowYaw: -5.3097
      RElbowRoll: -10.8352
  - name: move 2
    frames: 10
    joints: 
      HeadYaw: -0.277216
      HeadPitch: 23.3879
      LHipYawPitch: 0.0214425
      LHipRoll: 2.58467
      LHipPitch: -25.2196
      LKneePitch: 51.7924
      LAnklePitch: -26.512
      LAnkleRoll: -13.5586
      RHipYawPitch: -0.0214425
      RHipRoll: -3.35854
      RHipPitch: -25.4629
      RKneePitch: 52.3608
      RAnklePitch: -26.8033
      RAnkleRoll: 14.2754
      LShoulderPitch: -80.2141
      LShoulderRoll: 34.0187
      LElbowYaw: 1.44402
      LElbowRoll: -2.00355
      RShoulderPitch: -80.2141
      RShoulderRoll: 38.8315
      RElbowYaw: -3.56658
      RElbowRoll: -9.04019
  - name: move 3
    frames: 15
    joints: 
      HeadYaw: 18.3165
      HeadPitch: -2.82871
      LHipYawPitch: 20.9796
      LHipRoll: -2.28967
      LHipPitch: -48.085
      LKneePitch: 32.362
      LAnklePitch: -9.48069
      LAnkleRoll: -11.323
      RHipYawPitch: -20.9796
      RHipRoll: -4.80002
      RHipPitch: -43.2142
      RKneePitch: 40.4743
      RAnklePitch: 6.84469
      RAnkleRoll: 14.4677
      LShoulderPitch: -80.2141
      LShoulderRoll: 46.2595
      LElbowYaw: 4.30881
      LElbowRoll: -3.02425
      RShoulderPitch: -80.2141
      RShoulderRoll: 29.423
      RElbowYaw: -0.701789
      RElbowRoll: -9.52152
  - name: move 4
    frames: 10
    joints: 
      HeadYaw: 16.8482
      HeadPitch: 4.82615
      LHipYawPitch: 13.0891
      LHipRoll: -0.462366
      LHipPitch: -57.531
      LKneePitch: 40.7974
      LAnklePitch: -9.97261
      LAnkleRoll: -5.76872
      RHipYawPitch: -13.0891
      RHipRoll: -1.26686
      RHipPitch: -33.9143
      RKneePitch: 34.1113
      RAnklePitch: -8.47137
      RAnkleRoll: 6.00208
      LShoulderPitch: -73.9238
      LShoulderRoll: 48.8036
      LElbowYaw: 4.03981
      LElbowRoll: -2
      RShoulderPitch: -73.9566
      RShoulderRoll: 31.8834
      RElbowYaw: -0.961745
      RElbowRoll: -9.37654
  - name: move 5
    frames: 150
    joints: 
      HeadYaw: 16.8482
      HeadPitch: 4.82615
      LHipYawPitch: 13.0891
      LHipRoll: -0.462366
      LHipPitch: -57.531
      LKneePitch: 40.7974
      LAnklePitch: -9.97261
      LAnkleRoll: -5.76872
      RHipYawPitch: -13.0891
      RHipRoll: -1.26686
      RHipPitch: -33.9143
      RKneePitch: 34.1113
      RAnklePitch: -8.47137
      RAnkleRoll: 6.00208
      LShoulderPitch: -73.9238
      LShoulderRoll: 48.8036
      LElbowYaw: 4.03981
      LElbowRoll: -2
      RShoulderPitch: -73.9566
      RShoulderRoll: 31.8834
      RElbowYaw: -0.961745
      RElbowRoll: -9.37654
...
