---
keyframes:
  - name: move 0
    frames: 100
    joints: 
      HeadYaw: 0
      HeadPitch: 22.9183
      LHipYawPitch: 0
      LHipRoll: -0
      LHipPitch: -24.981
      LKneePitch: 50.0192
      LAnklePitch: -24.981
      LAnkleRoll: -0
      RHipYawPitch: 0
      RHipRoll: 0
      RHipPitch: -24.981
      RKneePitch: 50.0192
      RAnklePitch: -24.981
      RAnkleRoll: 0
      LShoulderPitch: -80.2141
      LShoulderRoll: 17.1887
      LElbowYaw: 0
      LElbowRoll: -2.86479
      RShoulderPitch: -80.2141
      RShoulderRoll: 17.1887
      RElbowYaw: -0
      RElbowRoll: -2.86479
  - name: move 1
    frames: 90
    joints: 
      HeadYaw: -3.40627
      HeadPitch: 22.8714
      LHipYawPitch: 0.102507
      LHipRoll: 18.9992
      LHipPitch: -20.9469
      LKneePitch: 38.9947
      LAnklePitch: -19.7748
      LAnkleRoll: -16.708
      RHipYawPitch: -0.102507
      RHipRoll: -19.2426
      RHipPitch: -24.1263
      RKneePitch: 45.0737
      RAnklePitch: -22.5278
      RAnkleRoll: 17.0098
      LShoulderPitch: -76.4131
      LShoulderRoll: 49.9569
      LElbowYaw: 1.27129
      LElbowRoll: -2.23364
      RShoulderPitch: -76.4153
      RShoulderRoll: 17.1887
      RElbowYaw: -5.3097
      RElbowRoll: -10.8352
  - name: move 2
    frames: 12
    joints: 
      HeadYaw: 1.86393
      HeadPitch: 22.3228
      LHipYawPitch: 0.397507
      LHipRoll: -13.93
      LHipPitch: -27.2176
      LKneePitch: 58.4271
      LAnklePitch: -30.1374
      LAnkleRoll: -9.03175
      RHipYawPitch: -0.397507
      RHipRoll: 11.281
      RHipPitch: -26.3957
      RKneePitch: 57.8768
      RAnklePitch: -29.8496
      RAnkleRoll: 11.6538
      LShoulderPitch: -80.2078
      LShoulderRoll: 23.0882
      LElbowYaw: 1.03998
      LElbowRoll: -2.87871
      RShoulderPitch: -80.208
      RShoulderRoll: 45.8366
      RElbowYaw: -3.01791
      RElbowRoll: -8.54339
  - name: move 3
    frames: 12
    joints: 
      HeadYaw: 14.6382
      HeadPitch: -0.806888
      LHipYawPitch: 1.91209
      LHipRoll: -8.6482
      LHipPitch: -31.1421
      LKneePitch: 58.5135
      LAnklePitch: -28.8397
      LAnkleRoll: -5.66773
      RHipYawPitch: -1.91209
      RHipRoll: 6.97914
      RHipPitch: -52.4115
      RKneePitch: 50.2371
      RAnklePitch: 3.26638
      RAnkleRoll: 7.23737
      LShoulderPitch: -80.2141
      LShoulderRoll: 22.5676
      LElbowYaw: 1.68745
      LElbowRoll: -3.34337
      RShoulderPitch: -80.2141
      RShoulderRoll: 48.7352
      RElbowYaw: -4.4395
      RElbowRoll: -7.47178
  - name: move 4
    frames: 12
    joints: 
      HeadYaw: 7.42645
      HeadPitch: 17.6663
      LHipYawPitch: -2.50204
      LHipRoll: -0.161787
      LHipPitch: -34.8982
      LKneePitch: 62.4455
      LAnklePitch: -29.714
      LAnkleRoll: -5.64031
      RHipYawPitch: 2.50204
      RHipRoll: 0.435548
      RHipPitch: -33.2257
      RKneePitch: 50.0281
      RAnklePitch: -22.5601
      RAnkleRoll: 5.36976
      LShoulderPitch: -61.7998
      LShoulderRoll: 25.3569
      LElbowYaw: -0.0680765
      LElbowRoll: -2.28044
      RShoulderPitch: -61.8403
      RShoulderRoll: 50.3438
      RElbowYaw: -5.41885
      RElbowRoll: -6.87345
  - name: move 5
    frames: 150
    joints: 
      HeadYaw: 7.35829
      HeadPitch: 17.4493
      LHipYawPitch: -1.44775
      LHipRoll: -1.52793
      LHipPitch: -35.0271
      LKneePitch: 61.1984
      LAnklePitch: -29.0263
      LAnkleRoll: -3.07619
      RHipYawPitch: 1.44775
      RHipRoll: 1.55086
      RHipPitch: -32.5624
      RKneePitch: 51.418
      RAnklePitch: -23.7626
      RAnkleRoll: 3.03474
      LShoulderPitch: -61.1622
      LShoulderRoll: 20.0386
      LElbowYaw: -1.42423
      LElbowRoll: -3.65971
      RShoulderPitch: -61.2034
      RShoulderRoll: 56.1961
      RElbowYaw: -4.83839
      RElbowRoll: -5.18119
...
