---
keyframes:
  - name: move 0
    frames: 30
    joints: 
      HeadYaw: -4.56367
      HeadPitch: 26.4737
      LHipYawPitch: 0.347306
      LHipRoll: 19.581
      LHipPitch: -18.6069
      LKneePitch: 36.2887
      LAnklePitch: -23.6543
      LAnkleRoll: -16.9047
      RHipYawPitch: -0.204471
      RHipRoll: -19.8989
      RHipPitch: -22.859
      RKneePitch: 43.8995
      RAnklePitch: -26.6107
      RAnkleRoll: 17.2812
      LShoulderPitch: -70.2414
      LShoulderRoll: 51.1745
      LElbowYaw: -0.540361
      LElbowRoll: -2.33599
      RShoulderPitch: -70.2545
      RShoulderRoll: 17.1887
      RElbowYaw: -5.5854
      RElbowRoll: -8.401
  - name: move 1
    frames: 9
    joints: 
      HeadYaw: 5.02695
      HeadPitch: 11.6525
      LHipYawPitch: 15.4968
      LHipRoll: 4.36046
      LHipPitch: -20.2292
      LKneePitch: 53.993
      LAnklePitch: -34.1084
      LAnkleRoll: -13.7151
      RHipYawPitch: -11.6176
      RHipRoll: -9.0973
      RHipPitch: -37.0126
      RKneePitch: 59.4983
      RAnklePitch: -3.60427
      RAnkleRoll: 16.8382
      LShoulderPitch: -80.2141
      LShoulderRoll: 41.9409
      LElbowYaw: 1.0155
      LElbowRoll: -2
      RShoulderPitch: -80.2141
      RShoulderRoll: 32.1669
      RElbowYaw: -3.86653
      RElbowRoll: -6.8266
  - name: move 2
    frames: 9
    joints: 
      HeadYaw: 0.788061
      HeadPitch: 21.6677
      LHipYawPitch: 12.4082
      LHipRoll: 0.115372
      LHipPitch: -14.3371
      LKneePitch: 48.4747
      LAnklePitch: -43.865
      LAnkleRoll: -0.369854
      RHipYawPitch: -10.7716
      RHipRoll: -9.926
      RHipPitch: -34.8861
      RKneePitch: 55.1484
      RAnklePitch: -13.5486
      RAnkleRoll: 8.97899
      LShoulderPitch: -68.373
      LShoulderRoll: 28.6846
      LElbowYaw: -0.703378
      LElbowRoll: -3.71887
      RShoulderPitch: -68.3591
      RShoulderRoll: 41.1189
      RElbowYaw: -5.5854
      RElbowRoll: -5.99938
  - name: move 3
    frames: 90
    joints: 
      HeadYaw: 0.788061
      HeadPitch: 21.6677
      LHipYawPitch: 12.4082
      LHipRoll: 0.115372
      LHipPitch: -14.3371
      LKneePitch: 48.4747
      LAnklePitch: -43.865
      LAnkleRoll: -0.369854
      RHipYawPitch: -10.7716
      RHipRoll: -9.926
      RHipPitch: -34.8861
      RKneePitch: 55.1484
      RAnklePitch: -13.5486
      RAnkleRoll: 8.97899
      LShoulderPitch: -68.373
      LShoulderRoll: 28.6846
      LElbowYaw: -0.703378
      LElbowRoll: -3.71887
      RShoulderPitch: -68.3591
      RShoulderRoll: 41.1189
      RElbowYaw: -5.5854
      RElbowRoll: -5.99938
...
