---
keyframes:
  - name: move 0
    frames: 100
    joints: 
      HeadYaw: 0
      HeadPitch: 22.9183
      LHipYawPitch: 0
      LHipRoll: -0
      LHipPitch: -24.981
      LKneePitch: 50.0192
      LAnklePitch: -24.981
      LAnkleRoll: -0
      RHipYawPitch: 0
      RHipRoll: 0
      RHipPitch: -24.981
      RKneePitch: 50.0192
      RAnklePitch: -24.981
      RAnkleRoll: 0
      LShoulderPitch: -80.2141
      LShoulderRoll: 17.1887
      LElbowYaw: 0
      LElbowRoll: -2.86479
      RShoulderPitch: -80.2141
      RShoulderRoll: 17.1887
      RElbowYaw: -0
      RElbowRoll: -2.86479
  - name: move 1
    frames: 90
    joints: 
      HeadYaw: -3.48797
      HeadPitch: 22.8665
      LHipYawPitch: 0.260453
      LHipRoll: 19.0399
      LHipPitch: -20.9815
      LKneePitch: 38.9092
      LAnklePitch: -19.7255
      LAnkleRoll: -16.7142
      RHipYawPitch: -0.140349
      RHipRoll: -19.2922
      RHipPitch: -24.0257
      RKneePitch: 45.0851
      RAnklePitch: -22.5638
      RAnkleRoll: 17.0237
      LShoulderPitch: -76.3664
      LShoulderRoll: 50.0156
      LElbowYaw: 1.29218
      LElbowRoll: -2.23949
      RShoulderPitch: -76.3692
      RShoulderRoll: 17.1887
      RElbowYaw: -5.33153
      RElbowRoll: -10.8351
  - name: move 2
    frames: 15
    joints: 
      HeadYaw: 3.11805
      HeadPitch: 7.79598
      LHipYawPitch: 14.6535
      LHipRoll: 11.8233
      LHipPitch: -21.841
      LKneePitch: 37.7771
      LAnklePitch: -16.3084
      LAnkleRoll: -15.447
      RHipYawPitch: -10.4772
      RHipRoll: -16.0176
      RHipPitch: -36.4084
      RKneePitch: 48.8329
      RAnklePitch: -0.398166
      RAnkleRoll: 18.1619
      LShoulderPitch: -79.9361
      LShoulderRoll: 45.6593
      LElbowYaw: 4.05423
      LElbowRoll: -3.15668
      RShoulderPitch: -79.927
      RShoulderRoll: 23.6731
      RElbowYaw: -3.2304
      RElbowRoll: -10.0428
  - name: move 3
    frames: 15
    joints: 
      HeadYaw: -5.45534
      HeadPitch: 31.9207
      LHipYawPitch: 9.60683
      LHipRoll: 0.870258
      LHipPitch: -6.47186
      LKneePitch: 37.0389
      LAnklePitch: -37.5898
      LAnkleRoll: -0.661656
      RHipYawPitch: -9.20569
      RHipRoll: -1.88711
      RHipPitch: -28.2775
      RKneePitch: 52.3437
      RAnklePitch: -17.7988
      RAnkleRoll: 0.959016
      LShoulderPitch: -54.3153
      LShoulderRoll: 19.22
      LElbowYaw: 1.18944
      LElbowRoll: -5.25752
      RShoulderPitch: -54.3329
      RShoulderRoll: 45.4558
      RElbowYaw: -5.71322
      RElbowRoll: -8.43786
  - name: move 4
    frames: 90
    joints: 
      HeadYaw: -5.45534
      HeadPitch: 31.9207
      LHipYawPitch: 9.60683
      LHipRoll: 0.870258
      LHipPitch: -6.47186
      LKneePitch: 37.0389
      LAnklePitch: -37.5898
      LAnkleRoll: -0.661656
      RHipYawPitch: -9.20569
      RHipRoll: -1.88711
      RHipPitch: -28.2775
      RKneePitch: 52.3437
      RAnklePitch: -17.7988
      RAnkleRoll: 0.959016
      LShoulderPitch: -54.3153
      LShoulderRoll: 19.22
      LElbowYaw: 1.18944
      LElbowRoll: -5.25752
      RShoulderPitch: -54.3329
      RShoulderRoll: 45.4558
      RElbowYaw: -5.71322
      RElbowRoll: -8.43786
...
