---
keyframes:
  - name: move 0
    frames: 100
    joints: 
      HeadYaw: 0
      HeadPitch: 22.9183
      LHipYawPitch: 0
      LHipRoll: -0
      LHipPitch: -24.981
      LKneePitch: 50.0192
      LAnklePitch: -24.981
      LAnkleRoll: -0
      RHipYawPitch: 0
      RHipRoll: 0
      RHipPitch: -24.981
      RKneePitch: 50.0192
      RAnklePitch: -24.981
      RAnkleRoll: 0
      LShoulderPitch: -80.2141
      LShoulderRoll: 17.1887
      LElbowYaw: 0
      LElbowRoll: -2.86479
      RShoulderPitch: -80.2141
      RShoulderRoll: 17.1887
      RElbowYaw: -0
      RElbowRoll: -2.86479
  - name: move 1
    frames: 90
    joints: 
      HeadYaw: -3.40627
      HeadPitch: 22.8714
      LHipYawPitch: 0.102507
      LHipRoll: 18.9992
      LHipPitch: -20.9469
      LKneePitch: 38.9947
      LAnklePitch: -19.7748
      LAnkleRoll: -16.708
      RHipYawPitch: -0.102507
      RHipRoll: -19.2426
      RHipPitch: -24.1263
      RKneePitch: 45.0737
      RAnklePitch: -22.5278
      RAnkleRoll: 17.0098
      LShoulderPitch: -76.4131
      LShoulderRoll: 49.9569
      LElbowYaw: 1.27129
      LElbowRoll: -2.23364
      RShoulderPitch: -76.4153
      RShoulderRoll: 17.1887
      RElbowYaw: -5.3097
      RElbowRoll: -10.8352
  - name: move 2
    frames: 15
    joints: 
      HeadYaw: 3.46549
      HeadPitch: 12.4556
      LHipYawPitch: -0.972148
      LHipRoll: 3.1736
      LHipPitch: -11.8698
      LKneePitch: 53.8558
      LAnklePitch: -35.5295
      LAnkleRoll: -14.0259
      RHipYawPitch: 0.972148
      RHipRoll: -4.69227
      RHipPitch: -44.0694
      RKneePitch: 51.1048
      RAnklePitch: -1.94625
      RAnkleRoll: 15.5428
      LShoulderPitch: -80.2141
      LShoulderRoll: 32.4286
      LElbowYaw: 3.61075
      LElbowRoll: -2
      RShoulderPitch: -80.2141
      RShoulderRoll: 48.2587
      RElbowYaw: -2.44491
      RElbowRoll: -7.97044
  - name: move 3
    frames: 15
    joints: 
      HeadYaw: 4.1085
      HeadPitch: 13.3211
      LHipYawPitch: -1.68412
      LHipRoll: -0.843951
      LHipPitch: -11.9906
      LKneePitch: 56.1195
      LAnklePitch: -42.2871
      LAnkleRoll: -0.848085
      RHipYawPitch: 1.68412
      RHipRoll: -2.65904
      RHipPitch: -42.7283
      RKneePitch: 48.015
      RAnklePitch: -5.81787
      RAnkleRoll: 4.26877
      LShoulderPitch: -78.3721
      LShoulderRoll: 19.2849
      LElbowYaw: 1.59338
      LElbowRoll: -4.79176
      RShoulderPitch: -78.376
      RShoulderRoll: 64.3101
      RElbowYaw: -2.718
      RElbowRoll: -5.10565
  - name: move 4
    frames: 150
    joints: 
      HeadYaw: 4.1085
      HeadPitch: 13.3211
      LHipYawPitch: -1.68412
      LHipRoll: -0.843951
      LHipPitch: -11.9906
      LKneePitch: 56.1195
      LAnklePitch: -42.2871
      LAnkleRoll: -0.848085
      RHipYawPitch: 1.68412
      RHipRoll: -2.65904
      RHipPitch: -42.7283
      RKneePitch: 48.015
      RAnklePitch: -5.81787
      RAnkleRoll: 4.26877
      LShoulderPitch: -78.3721
      LShoulderRoll: 19.2849
      LElbowYaw: 1.59338
      LElbowRoll: -4.79176
      RShoulderPitch: -78.376
      RShoulderRoll: 64.3101
      RElbowYaw: -2.718
      RElbowRoll: -5.10565
...
