---
keyframes:
  - name: Keyframe 0
    frames: 100
    joints:
      HeadYaw: -2.99072127149514
      HeadPitch: -29.8807798828635
      LHipYawPitch: -50.7990128575929
      LHipRoll: -29.7098065875597
      LHipPitch: -36.1211002557756
      LKneePitch: 123.397585319279
      LAnklePitch: -53.3526839844773
      LAnkleRoll: 12.8297863558169
      RHipYawPitch: -50.7990128575929
      RHipRoll: -30.6718114113993
      RHipPitch: -37.3563946086858
      RKneePitch: 125.072320383009
      RAnklePitch: -53.523657279781
      RAnkleRoll: 11.4283271607787
      LShoulderPitch: -79.1001475703509
      LShoulderRoll: 25.9256495609409
      LElbowYaw: -0.705531220505637
      LElbowRoll: -1.31597254738636
      RShoulderPitch: -75.5014028589412
      RShoulderRoll: 26.1062534229744
      RElbowYaw: 0.00240422658784449
      RElbowRoll: -2.28759427757735
...
