---
keyframes:
  - name: move 0
    frames: 100
    joints: 
      HeadYaw: 0
      HeadPitch: 22.9183
      LHipYawPitch: 0
      LHipRoll: -0
      LHipPitch: -24.981
      LKneePitch: 50.0192
      LAnklePitch: -24.981
      LAnkleRoll: -0
      RHipYawPitch: 0
      RHipRoll: 0
      RHipPitch: -24.981
      RKneePitch: 50.0192
      RAnklePitch: -24.981
      RAnkleRoll: 0
      LShoulderPitch: -80.2141
      LShoulderRoll: 17.1887
      LElbowYaw: 0
      LElbowRoll: -2.86479
      RShoulderPitch: -80.2141
      RShoulderRoll: 17.1887
      RElbowYaw: -0
      RElbowRoll: -2.86479
  - name: move 1
    frames: 90
    joints: 
      HeadYaw: -3.40627
      HeadPitch: 22.8714
      LHipYawPitch: 0.102507
      LHipRoll: 18.9992
      LHipPitch: -20.9469
      LKneePitch: 38.9947
      LAnklePitch: -19.7748
      LAnkleRoll: -16.708
      RHipYawPitch: -0.102507
      RHipRoll: -19.2426
      RHipPitch: -24.1263
      RKneePitch: 45.0737
      RAnklePitch: -22.5278
      RAnkleRoll: 17.0098
      LShoulderPitch: -76.4131
      LShoulderRoll: 49.9569
      LElbowYaw: 1.27129
      LElbowRoll: -2.23364
      RShoulderPitch: -76.4153
      RShoulderRoll: 17.1887
      RElbowYaw: -5.3097
      RElbowRoll: -10.8352
  - name: move 2
    frames: 15
    joints: 
      HeadYaw: 3.58818
      HeadPitch: 14.6044
      LHipYawPitch: 0.25293
      LHipRoll: -0.344954
      LHipPitch: -14.6375
      LKneePitch: 54.8778
      LAnklePitch: -38.126
      LAnkleRoll: -13.1532
      RHipYawPitch: -0.25293
      RHipRoll: -1.06634
      RHipPitch: -44.4236
      RKneePitch: 51.3964
      RAnklePitch: -4.49949
      RAnkleRoll: 14.564
      LShoulderPitch: -80.2141
      LShoulderRoll: 29.8631
      LElbowYaw: 2.37866
      LElbowRoll: -2
      RShoulderPitch: -80.2141
      RShoulderRoll: 52.5473
      RElbowYaw: -2.44491
      RElbowRoll: -7.97044
  - name: move 3
    frames: 15
    joints: 
      HeadYaw: 1.35784
      HeadPitch: 21.5901
      LHipYawPitch: -0.631996
      LHipRoll: -5.48728
      LHipPitch: -11.2589
      LKneePitch: 52.9871
      LAnklePitch: -45.1534
      LAnkleRoll: 0.514706
      RHipYawPitch: 0.631996
      RHipRoll: 5.05812
      RHipPitch: -41.9436
      RKneePitch: 48.8491
      RAnklePitch: -11.2283
      RAnkleRoll: -0.140975
      LShoulderPitch: -71.8546
      LShoulderRoll: 17.1887
      LElbowYaw: -0.465672
      LElbowRoll: -4.8491
      RShoulderPitch: -71.8774
      RShoulderRoll: 69.8989
      RElbowYaw: -5.26195
      RElbowRoll: -5.13266
  - name: move 4
    frames: 150
    joints: 
      HeadYaw: 1.35784
      HeadPitch: 21.5901
      LHipYawPitch: -0.631996
      LHipRoll: -5.48728
      LHipPitch: -11.2589
      LKneePitch: 52.9871
      LAnklePitch: -45.1534
      LAnkleRoll: 0.514706
      RHipYawPitch: 0.631996
      RHipRoll: 5.05812
      RHipPitch: -41.9436
      RKneePitch: 48.8491
      RAnklePitch: -11.2283
      RAnkleRoll: -0.140975
      LShoulderPitch: -71.8546
      LShoulderRoll: 17.1887
      LElbowYaw: -0.465672
      LElbowRoll: -4.8491
      RShoulderPitch: -71.8774
      RShoulderRoll: 69.8989
      RElbowYaw: -5.26195
      RElbowRoll: -5.13266
...
