---
keyframes:
  - name: Keyframe 7
    frames: 100
    joints:
      HeadYaw: 0.0854866476518796
      HeadPitch: -21.9705328993966
      LHipYawPitch: 0.441858597786465
      LHipRoll: 0.261268396131328
      LHipPitch: -24.1678184157681
      LKneePitch: 51.5021569269836
      LAnklePitch: -24.7878766490002
      LAnkleRoll: 0.261268396131328
      RHipYawPitch: 0.441858597786465
      RHipRoll: 0.705531220505637
      RHipPitch: -23.6452816235054
      RKneePitch: 48.8702084171163
      RAnklePitch: -24.607286447345
      RAnkleRoll: -0.261268396131328
      LShoulderPitch: -95.6237958519591
      LShoulderRoll: 6.58947964328316
      LElbowYaw: -0.353967723546741
      LElbowRoll: -1.93120866706443
      RShoulderPitch: -94.8375864369772
      RShoulderRoll: 7.56108771309582
      RElbowYaw: -0.173377535231817
      RElbowRoll: -2.63915777453625
  - name: Keyframe 8
    frames: 100
    joints:
      HeadYaw: -2.55126690029652
      HeadPitch: -30.1444525055827
      LHipYawPitch: 0.441858597786465
      LHipRoll: 0.261268396131328
      LHipPitch: -24.1678184157681
      LKneePitch: 51.5021569269836
      LAnklePitch: -24.7878766490002
      LAnkleRoll: 0.261268396131328
      RHipYawPitch: 0.441858597786465
      RHipRoll: 0.705531220505637
      RHipPitch: -23.6452816235054
      RKneePitch: 49.0459901655958
      RAnklePitch: -24.6951773215847
      RAnkleRoll: -0.261268396131328
      LShoulderPitch: -95.8874684746782
      LShoulderRoll: 6.50158876904344
      LElbowYaw: -0.266076875987443
      LElbowRoll: -1.8433177928247
      RShoulderPitch: -94.925477311217
      RShoulderRoll: 7.56108771309582
      RElbowYaw: -0.173377535231817
      RElbowRoll: -2.72704864877597
...
