---
keyframes:
  - name: move 0
    frames: 100
    joints: 
      HeadYaw: 0
      HeadPitch: 22.9183
      LHipYawPitch: 0
      LHipRoll: -0
      LHipPitch: -24.981
      LKneePitch: 50.0192
      LAnklePitch: -24.981
      LAnkleRoll: -0
      RHipYawPitch: 0
      RHipRoll: 0
      RHipPitch: -24.981
      RKneePitch: 50.0192
      RAnklePitch: -24.981
      RAnkleRoll: 0
      LShoulderPitch: -80.2141
      LShoulderRoll: 17.1887
      LElbowYaw: 0
      LElbowRoll: -2.86479
      RShoulderPitch: -80.2141
      RShoulderRoll: 17.1887
      RElbowYaw: -0
      RElbowRoll: -2.86479
  - name: move 1
    frames: 90
    joints: 
      HeadYaw: -3.40627
      HeadPitch: 22.8714
      LHipYawPitch: 0.102507
      LHipRoll: 18.9992
      LHipPitch: -20.9469
      LKneePitch: 38.9947
      LAnklePitch: -19.7748
      LAnkleRoll: -16.708
      RHipYawPitch: -0.102507
      RHipRoll: -19.2426
      RHipPitch: -24.1263
      RKneePitch: 45.0737
      RAnklePitch: -22.5278
      RAnkleRoll: 17.0098
      LShoulderPitch: -76.4131
      LShoulderRoll: 49.9569
      LElbowYaw: 1.27129
      LElbowRoll: -2.23364
      RShoulderPitch: -76.4153
      RShoulderRoll: 17.1887
      RElbowYaw: -5.3097
      RElbowRoll: -10.8352
  - name: move 2
    frames: 9
    joints: 
      HeadYaw: 4.75496
      HeadPitch: 18.329
      LHipYawPitch: 0.214774
      LHipRoll: -11.0811
      LHipPitch: -30.5158
      LKneePitch: 60.9791
      LAnklePitch: -30.7954
      LAnkleRoll: -9.79135
      RHipYawPitch: -0.214774
      RHipRoll: 8.61062
      RHipPitch: -31.7572
      RKneePitch: 64.2322
      RAnklePitch: -32.501
      RAnkleRoll: 12.2457
      LShoulderPitch: -80.1906
      LShoulderRoll: 28.471
      LElbowYaw: 1.42707
      LElbowRoll: -2.78929
      RShoulderPitch: -80.1911
      RShoulderRoll: 38.6747
      RElbowYaw: -3.59083
      RElbowRoll: -9.11635
  - name: move 3
    frames: 15
    joints: 
      HeadYaw: 13.029
      HeadPitch: -2.58116
      LHipYawPitch: 0.391214
      LHipRoll: -13.8101
      LHipPitch: -24.6661
      LKneePitch: 67.8021
      LAnklePitch: -41.6223
      LAnkleRoll: -4.38269
      RHipYawPitch: -0.391214
      RHipRoll: 11.761
      RHipPitch: -54.0618
      RKneePitch: 60.0441
      RAnklePitch: -3.91886
      RAnkleRoll: 6.43127
      LShoulderPitch: -79.8087
      LShoulderRoll: 22.0384
      LElbowYaw: 2.05975
      LElbowRoll: -3.43775
      RShoulderPitch: -79.8106
      RShoulderRoll: 53.6785
      RElbowYaw: -5.5268
      RElbowRoll: -6.25156
  - name: move 4
    frames: 15
    joints: 
      HeadYaw: 17.5475
      HeadPitch: -10.314
      LHipYawPitch: 0.867391
      LHipRoll: 0.368044
      LHipPitch: -34.4034
      LKneePitch: 73.3516
      LAnklePitch: -45.7253
      LAnkleRoll: -5.72067
      RHipYawPitch: -0.867391
      RHipRoll: -0.0960155
      RHipPitch: -54.3654
      RKneePitch: 51.1463
      RAnklePitch: -2.27597
      RAnkleRoll: 5.46992
      LShoulderPitch: -80.2141
      LShoulderRoll: 35.5535
      LElbowYaw: 3.3928
      LElbowRoll: -2.05007
      RShoulderPitch: -80.2141
      RShoulderRoll: 41.778
      RElbowYaw: -4.23605
      RElbowRoll: -7.63073
  - name: move 5
    frames: 90
    joints: 
      HeadYaw: 8.39927
      HeadPitch: 6.60628
      LHipYawPitch: -0.594965
      LHipRoll: -7.44245
      LHipPitch: -20.2776
      LKneePitch: 58.443
      LAnklePitch: -48.474
      LAnkleRoll: 1.50058
      RHipYawPitch: 0.594965
      RHipRoll: 7.18107
      RHipPitch: -50.6671
      RKneePitch: 53.5796
      RAnklePitch: -14.063
      RAnkleRoll: -1.23794
      LShoulderPitch: -56.8994
      LShoulderRoll: 17.9587
      LElbowYaw: -3.92506
      LElbowRoll: -9.27707
      RShoulderPitch: -56.9374
      RShoulderRoll: 48.9907
      RElbowYaw: -11.7759
      RElbowRoll: -7.45558
...
