---
keyframes:
  - name: move 0
    frames: 100
    joints: 
      HeadYaw: 0
      HeadPitch: 22.9183
      LHipYawPitch: 0
      LHipRoll: -0
      LHipPitch: -24.981
      LKneePitch: 50.0192
      LAnklePitch: -24.981
      LAnkleRoll: -0
      RHipYawPitch: 0
      RHipRoll: 0
      RHipPitch: -24.981
      RKneePitch: 50.0192
      RAnklePitch: -24.981
      RAnkleRoll: 0
      LShoulderPitch: -80.2141
      LShoulderRoll: 17.1887
      LElbowYaw: 0
      LElbowRoll: -2.86479
      RShoulderPitch: -80.2141
      RShoulderRoll: 17.1887
      RElbowYaw: -0
      RElbowRoll: -2.86479
  - name: move 1
    frames: 90
    joints: 
      HeadYaw: -3.48797
      HeadPitch: 22.8665
      LHipYawPitch: 0.260453
      LHipRoll: 19.0399
      LHipPitch: -20.9815
      LKneePitch: 38.9092
      LAnklePitch: -19.7255
      LAnkleRoll: -16.7142
      RHipYawPitch: -0.140349
      RHipRoll: -19.2922
      RHipPitch: -24.0257
      RKneePitch: 45.0851
      RAnklePitch: -22.5638
      RAnkleRoll: 17.0237
      LShoulderPitch: -76.3664
      LShoulderRoll: 50.0156
      LElbowYaw: 1.29218
      LElbowRoll: -2.23949
      RShoulderPitch: -76.3692
      RShoulderRoll: 17.1887
      RElbowYaw: -5.33153
      RElbowRoll: -10.8351
  - name: move 2
    frames: 9
    joints: 
      HeadYaw: 4.49292
      HeadPitch: 18.3061
      LHipYawPitch: 0.596611
      LHipRoll: -11.0404
      LHipPitch: -31.1189
      LKneePitch: 60.1223
      LAnklePitch: -30.0961
      LAnkleRoll: -9.95494
      RHipYawPitch: -0.884224
      RHipRoll: 8.32251
      RHipPitch: -31.0192
      RKneePitch: 62.7099
      RAnklePitch: -31.7195
      RAnkleRoll: 12.6755
      LShoulderPitch: -80.2141
      LShoulderRoll: 28.5296
      LElbowYaw: 1.70912
      LElbowRoll: -2.78806
      RShoulderPitch: -80.2141
      RShoulderRoll: 38.6747
      RElbowYaw: -3.61266
      RElbowRoll: -9.11627
  - name: move 3
    frames: 15
    joints: 
      HeadYaw: 23.1817
      HeadPitch: -14.309
      LHipYawPitch: 27.3714
      LHipRoll: 4.48098
      LHipPitch: -52.5177
      LKneePitch: 35.3853
      LAnklePitch: -11.3095
      LAnkleRoll: -13.1768
      RHipYawPitch: -20.9753
      RHipRoll: -13.8853
      RHipPitch: -49.6937
      RKneePitch: 49.5146
      RAnklePitch: 5.77656
      RAnkleRoll: 17.3757
      LShoulderPitch: -80.2141
      LShoulderRoll: 50.7759
      LElbowYaw: 4.5739
      LElbowRoll: -2
      RShoulderPitch: -80.2141
      RShoulderRoll: 17.1887
      RElbowYaw: -0.747866
      RElbowRoll: -11.9655
  - name: move 4
    frames: 15
    joints: 
      HeadYaw: 31.0071
      HeadPitch: -11.3229
      LHipYawPitch: 38.7589
      LHipRoll: 12.5491
      LHipPitch: -64.8989
      LKneePitch: 28.075
      LAnklePitch: -14.3749
      LAnkleRoll: -10.579
      RHipYawPitch: -22.0377
      RHipRoll: -23.0196
      RHipPitch: -50.6386
      RKneePitch: 38.7211
      RAnklePitch: 4.46905
      RAnkleRoll: 13.4063
      LShoulderPitch: -80.2141
      LShoulderRoll: 62.2718
      LElbowYaw: 5.147
      LElbowRoll: -2
      RShoulderPitch: -80.2141
      RShoulderRoll: 17.1887
      RElbowYaw: -0.160889
      RElbowRoll: -12.6324
  - name: move 5
    frames: 90
    joints: 
      HeadYaw: 10.4006
      HeadPitch: -16.0523
      LHipYawPitch: 18.8716
      LHipRoll: 1.27337
      LHipPitch: -33.3863
      LKneePitch: 20.6917
      LAnklePitch: -22.742
      LAnkleRoll: -0.401375
      RHipYawPitch: -17.4325
      RHipRoll: -4.97604
      RHipPitch: -45.2236
      RKneePitch: 46.2349
      RAnklePitch: -10.9447
      RAnkleRoll: 1.30265
      LShoulderPitch: -63.4582
      LShoulderRoll: 17.1887
      LElbowYaw: -2.31682
      LElbowRoll: -10.4978
      RShoulderPitch: -63.162
      RShoulderRoll: 22.6666
      RElbowYaw: -8.60608
      RElbowRoll: -17.8024
...
