---
keyframes:
  - name: move 0
    frames: 100
    joints: 
      HeadYaw: 0
      HeadPitch: 22.9183
      LHipYawPitch: 0
      LHipRoll: -0
      LHipPitch: -24.981
      LKneePitch: 50.0192
      LAnklePitch: -24.981
      LAnkleRoll: -0
      RHipYawPitch: 0
      RHipRoll: 0
      RHipPitch: -24.981
      RKneePitch: 50.0192
      RAnklePitch: -24.981
      RAnkleRoll: 0
      LShoulderPitch: -80.2141
      LShoulderRoll: 17.1887
      LElbowYaw: 0
      LElbowRoll: -2.86479
      RShoulderPitch: -80.2141
      RShoulderRoll: 17.1887
      RElbowYaw: -0
      RElbowRoll: -2.86479
  - name: move 1
    frames: 30
    joints: 
      HeadYaw: -4.43462
      HeadPitch: 21.4305
      LHipYawPitch: 0.977378
      LHipRoll: 21.74
      LHipPitch: -19.279
      LKneePitch: 32.5512
      LAnklePitch: -16.4803
      LAnkleRoll: -18.2552
      RHipYawPitch: -0.447263
      RHipRoll: -22.1415
      RHipPitch: -23.8704
      RKneePitch: 43.2292
      RAnklePitch: -21.4964
      RAnkleRoll: 18.7107
      LShoulderPitch: -75.115
      LShoulderRoll: 56.0045
      LElbowYaw: 1.17721
      LElbowRoll: -2.7709
      RShoulderPitch: -75.1205
      RShoulderRoll: 17.1887
      RElbowYaw: -4.52457
      RElbowRoll: -8.48459
  - name: move 2
    frames: 15
    joints: 
      HeadYaw: 3.68254
      HeadPitch: 8.39486
      LHipYawPitch: 13.664
      LHipRoll: 7.29399
      LHipPitch: -20.3276
      LKneePitch: 47.725
      LAnklePitch: -25.1571
      LAnkleRoll: -15.4849
      RHipYawPitch: -9.11846
      RHipRoll: -11.408
      RHipPitch: -34.128
      RKneePitch: 54.1661
      RAnklePitch: -1.36917
      RAnkleRoll: 18.5827
      LShoulderPitch: -80.2141
      LShoulderRoll: 42.4347
      LElbowYaw: 4.03911
      LElbowRoll: -2.07865
      RShoulderPitch: -80.2141
      RShoulderRoll: 35.1438
      RElbowYaw: -1.65978
      RElbowRoll: -6.74754
  - name: move 3
    frames: 15
    joints: 
      HeadYaw: -3.82692
      HeadPitch: 29.3633
      LHipYawPitch: 8.86527
      LHipRoll: -0.117182
      LHipPitch: -8.64929
      LKneePitch: 41.5531
      LAnklePitch: -40.2591
      LAnkleRoll: -0.628595
      RHipYawPitch: -7.94066
      RHipRoll: -8.55865
      RHipPitch: -29.4851
      RKneePitch: 51.4645
      RAnklePitch: -17.4174
      RAnkleRoll: 8.70426
      LShoulderPitch: -56.9362
      LShoulderRoll: 24.5155
      LElbowYaw: 1.17432
      LElbowRoll: -4.81355
      RShoulderPitch: -56.9439
      RShoulderRoll: 50.4366
      RElbowYaw: -4.52457
      RElbowRoll: -5.8118
  - name: move 4
    frames: 90
    joints: 
      HeadYaw: -3.82692
      HeadPitch: 29.3633
      LHipYawPitch: 8.86527
      LHipRoll: -0.117182
      LHipPitch: -8.64929
      LKneePitch: 41.5531
      LAnklePitch: -40.2591
      LAnkleRoll: -0.628595
      RHipYawPitch: -7.94066
      RHipRoll: -8.55865
      RHipPitch: -29.4851
      RKneePitch: 51.4645
      RAnklePitch: -17.4174
      RAnkleRoll: 8.70426
      LShoulderPitch: -56.9362
      LShoulderRoll: 24.5155
      LElbowYaw: 1.17432
      LElbowRoll: -4.81355
      RShoulderPitch: -56.9439
      RShoulderRoll: 50.4366
      RElbowYaw: -4.52457
      RElbowRoll: -5.8118
...
