---
keyframes:
  - name: move 0
    frames: 30
    joints: 
      HeadYaw: -4.56367
      HeadPitch: 26.4737
      LHipYawPitch: 0.347306
      LHipRoll: 19.581
      LHipPitch: -18.6069
      LKneePitch: 36.2887
      LAnklePitch: -23.6543
      LAnkleRoll: -16.9047
      RHipYawPitch: -0.204471
      RHipRoll: -19.8989
      RHipPitch: -22.859
      RKneePitch: 43.8995
      RAnklePitch: -26.6107
      RAnkleRoll: 17.2812
      LShoulderPitch: -70.2414
      LShoulderRoll: 51.1745
      LElbowYaw: -0.540361
      LElbowRoll: -2.33599
      RShoulderPitch: -70.2545
      RShoulderRoll: 17.1887
      RElbowYaw: -5.5854
      RElbowRoll: -8.401
  - name: move 1
    frames: 9
    joints: 
      HeadYaw: 0.399698
      HeadPitch: 19.8113
      LHipYawPitch: 8.2553
      LHipRoll: 0.710285
      LHipPitch: -16.7137
      LKneePitch: 52.6913
      LAnklePitch: -33.9448
      LAnkleRoll: -12.9428
      RHipYawPitch: -7.43028
      RHipRoll: -2.94587
      RHipPitch: -30.0566
      RKneePitch: 56.6508
      RAnklePitch: -13.4789
      RAnkleRoll: 14.5923
      LShoulderPitch: -80.2141
      LShoulderRoll: 35.4455
      LElbowYaw: 1.01767
      LElbowRoll: -2.00554
      RShoulderPitch: -80.2141
      RShoulderRoll: 38.1963
      RElbowYaw: -3.86653
      RElbowRoll: -6.68212
  - name: move 2
    frames: 9
    joints: 
      HeadYaw: -4.78854
      HeadPitch: 35.7275
      LHipYawPitch: 5.38962
      LHipRoll: -4.31542
      LHipPitch: -8.11784
      LKneePitch: 45.524
      LAnklePitch: -43.0764
      LAnkleRoll: 0.501623
      RHipYawPitch: -6.29729
      RHipRoll: 3.78132
      RHipPitch: -26.8688
      RKneePitch: 53.4118
      RAnklePitch: -23.9557
      RAnkleRoll: -0.206207
      LShoulderPitch: -63.1531
      LShoulderRoll: 17.1887
      LElbowYaw: -0.701203
      LElbowRoll: -3.72441
      RShoulderPitch: -63.1726
      RShoulderRoll: 52.0915
      RElbowYaw: -5.5854
      RElbowRoll: -5.65002
  - name: move 3
    frames: 90
    joints: 
      HeadYaw: -4.78854
      HeadPitch: 35.7275
      LHipYawPitch: 5.38962
      LHipRoll: -4.31542
      LHipPitch: -8.11784
      LKneePitch: 45.524
      LAnklePitch: -43.0764
      LAnkleRoll: 0.501623
      RHipYawPitch: -6.29729
      RHipRoll: 3.78132
      RHipPitch: -26.8688
      RKneePitch: 53.4118
      RAnklePitch: -23.9557
      RAnkleRoll: -0.206207
      LShoulderPitch: -63.1531
      LShoulderRoll: 17.1887
      LElbowYaw: -0.701203
      LElbowRoll: -3.72441
      RShoulderPitch: -63.1726
      RShoulderRoll: 52.0915
      RElbowYaw: -5.5854
      RElbowRoll: -5.65002
...
