---
keyframes:
  - name: move 0
    frames: 100
    joints: 
      HeadYaw: 0
      HeadPitch: 22.9183
      LHipYawPitch: 0
      LHipRoll: -0
      LHipPitch: -24.981
      LKneePitch: 50.0192
      LAnklePitch: -24.981
      LAnkleRoll: -0
      RHipYawPitch: 0
      RHipRoll: 0
      RHipPitch: -24.981
      RKneePitch: 50.0192
      RAnklePitch: -24.981
      RAnkleRoll: 0
      LShoulderPitch: -80.2141
      LShoulderRoll: 17.1887
      LElbowYaw: 0
      LElbowRoll: -2.86479
      RShoulderPitch: -80.2141
      RShoulderRoll: 17.1887
      RElbowYaw: -0
      RElbowRoll: -2.86479
  - name: move 1
    frames: 90
    joints: 
      HeadYaw: -3.40627
      HeadPitch: 22.8714
      LHipYawPitch: 0.102507
      LHipRoll: 18.9992
      LHipPitch: -20.9469
      LKneePitch: 38.9947
      LAnklePitch: -19.7748
      LAnkleRoll: -16.708
      RHipYawPitch: -0.102507
      RHipRoll: -19.2426
      RHipPitch: -24.1263
      RKneePitch: 45.0737
      RAnklePitch: -22.5278
      RAnkleRoll: 17.0098
      LShoulderPitch: -76.4131
      LShoulderRoll: 49.9569
      LElbowYaw: 1.27129
      LElbowRoll: -2.23364
      RShoulderPitch: -76.4153
      RShoulderRoll: 17.1887
      RElbowYaw: -5.3097
      RElbowRoll: -10.8352
  - name: move 2
    frames: 15
    joints: 
      HeadYaw: 12.9104
      HeadPitch: 1.97102
      LHipYawPitch: 4.02165
      LHipRoll: 2.69035
      LHipPitch: -30.8271
      LKneePitch: 48.3427
      LAnklePitch: -25.1573
      LAnkleRoll: -13.256
      RHipYawPitch: -4.02165
      RHipRoll: -5.1588
      RHipPitch: -53.7821
      RKneePitch: 44.9693
      RAnklePitch: 6.79281
      RAnkleRoll: 15.5954
      LShoulderPitch: -80.2141
      LShoulderRoll: 37.1775
      LElbowYaw: 4.00576
      LElbowRoll: -2
      RShoulderPitch: -80.2141
      RShoulderRoll: 37.4635
      RElbowYaw: -2.44491
      RElbowRoll: -9.37283
  - name: move 3
    frames: 10
    joints: 
      HeadYaw: 4.74275
      HeadPitch: 17.7944
      LHipYawPitch: -10.6962
      LHipRoll: -0.255228
      LHipPitch: -27.6968
      LKneePitch: 59.8735
      LAnklePitch: -29.9784
      LAnkleRoll: -7.91068
      RHipYawPitch: 10.6962
      RHipRoll: -0.718408
      RHipPitch: -36.6082
      RKneePitch: 39.852
      RAnklePitch: -16.129
      RAnkleRoll: 7.88332
      LShoulderPitch: -64.4303
      LShoulderRoll: 38.9178
      LElbowYaw: 3.27243
      LElbowRoll: -2
      RShoulderPitch: -64.4699
      RShoulderRoll: 38.3573
      RElbowYaw: -4.35477
      RElbowRoll: -8.91786
  - name: move 4
    frames: 150
    joints: 
      HeadYaw: 4.74275
      HeadPitch: 17.7944
      LHipYawPitch: -10.696
      LHipRoll: -0.255142
      LHipPitch: -27.6966
      LKneePitch: 59.8736
      LAnklePitch: -29.9789
      LAnkleRoll: -7.91066
      RHipYawPitch: 10.696
      RHipRoll: -0.718096
      RHipPitch: -36.6083
      RKneePitch: 39.8521
      RAnklePitch: -16.1284
      RAnkleRoll: 7.88279
      LShoulderPitch: -64.4303
      LShoulderRoll: 38.9178
      LElbowYaw: 3.27243
      LElbowRoll: -2
      RShoulderPitch: -64.4699
      RShoulderRoll: 38.3573
      RElbowYaw: -4.35477
      RElbowRoll: -8.91786
...
